0 0.5 0.509375 1.0 0.19375
0 0.30416666666666664 0.315625 0.0125 0.00625
0 0.23333333333333334 0.31875 0.125 0.01875
0 0.11354166666666667 0.315625 0.11041666666666666 0.01875
0 0.04583333333333333 0.3015625 0.020833333333333332 0.015625
0 0.017708333333333333 0.2671875 0.035416666666666666 0.034375
0 0.43645833333333334 0.2484375 0.24791666666666667 0.178125
0 0.6270833333333333 0.1109375 0.13333333333333333 0.090625
0 0.9802083333333333 0.0609375 0.014583333333333334 0.003125
0 0.95625 0.0640625 0.020833333333333332 0.009375
0 0.9322916666666666 0.0578125 0.01875 0.003125
0 0.875 0.05625 0.025 0.00625
0 0.9083333333333333 0.0515625 0.016666666666666666 0.009375
0 0.7489583333333333 0.0671875 0.10625 0.046875
0 0.834375 0.0453125 0.052083333333333336 0.015625
