0 0.9802083333333333 0.7171875 0.03958333333333333 0.009375
0 0.94375 0.7078125 0.025 0.009375
0 0.9260416666666667 0.7015625 0.00625 0.003125
0 0.915625 0.696875 0.010416666666666666 0.00625
0 0.90625 0.6921875 0.004166666666666667 0.003125
0 0.9458333333333333 0.4578125 0.10416666666666667 0.040625
0 0.5635416666666667 0.0796875 0.0020833333333333333 0.003125
0 0.5697916666666667 0.0390625 0.010416666666666666 0.071875
0 0.453125 0.5 0.90625 1.0
0 0.4375 0.0171875 0.004166666666666667 0.034375
